>family_1
15	1	2	0
18	0	0	0
0	6	12	0
18	0	0	0
10	0	0	8
18	0	0	0
18	0	0	0
18	0	0	0
0	18	0	0
0	18	0	0
12	4	0	2
>family_10
18	0	0	0
18	0	0	0
5	3	10	0
18	0	0	0
5	0	0	13
18	0	0	0
18	0	0	0
18	0	0	0
0	18	0	0
0	18	0	0
>family_11
79	104	63	82
48	104	88	88
0	328	0	0
170	2	1	155
2	0	326	0
0	268	0	60
4	324	0	0
0	78	2	248
0	224	0	104
0	0	0	328
50	75	113	90
49	114	70	95
>family_12
0	32	0	0
0	0	0	32
0	32	0	0
0	15	0	17
0	32	0	0
0	25	0	7
20	9	3	0
0	32	0	0
32	0	0	0
0	0	32	0
>family_13
70	109	62	71
37	214	29	32
26	213	34	39
0	312	0	0
76	236	0	0
99	171	18	24
0	312	0	0
102	151	49	10
0	308	0	4
36	190	10	76
36	217	35	24
59	141	47	65
>family_14
0	50	0	0
0	0	50	0
0	32	11	7
0	0	0	50
8	42	0	0
0	0	0	50
4	0	38	8
2	48	0	0
14	18	3	15
>family_15
22	0	0	0
5	0	17	0
0	0	13	9
0	22	0	0
0	0	22	0
0	22	0	0
0	19	3	0
22	0	0	0
>family_16
0	15	0	0
0	15	0	0
0	0	0	15
0	0	0	15
0	15	0	0
0	15	0	0
13	0	2	0
6	0	9	0
4	11	0	0
0	0	0	15
>family_17
24	0	0	0
0	0	24	0
2	22	0	0
0	2	0	22
0	0	24	0
0	2	22	0
0	0	24	0
3	0	21	0
0	20	0	4
6	0	0	18
>family_18
9	40	9	8
0	0	5	61
1	0	65	0
20	43	3	0
5	0	3	58
0	0	64	2
0	44	22	0
0	44	0	22
0	0	66	0
8	43	8	7
9	14	10	33
>family_19
3	15	1	2
16	0	0	5
0	21	0	0
0	0	0	21
0	21	0	0
19	2	0	0
3	0	18	0
21	0	0	0
0	0	21	0
17	4	0	0
4	1	14	2
