>family_2
0	21	0	0
0	21	0	0
3	0	0	18
0	0	21	0
0	21	0	0
7	4	0	10
0	16	5	0
0	21	0	0
0	21	0	0
0	0	0	21
>family_20
0	18	0	0
0	18	0	0
0	18	0	0
0	16	2	0
16	2	0	0
0	0	18	0
5	0	13	0
0	0	18	0
0	0	0	18
>family_21
0	0	26	0
0	26	0	0
26	0	0	0
0	0	26	0
0	0	23	3
0	14	0	12
10	0	16	0
0	0	26	0
0	0	26	0
>family_22
22	24	23	7
43	9	19	5
6	0	70	0
55	8	10	3
0	5	71	0
0	0	76	0
0	57	16	3
58	18	0	0
0	0	76	0
41	35	0	0
8	11	47	10
16	24	21	15
>family_23
0	0	38	0
0	38	0	0
0	0	5	33
0	33	0	5
0	27	11	0
0	0	38	0
38	0	0	0
0	9	29	0
>family_24
0	56	0	0
0	44	1	11
15	0	0	41
0	56	0	0
3	49	4	0
0	0	7	49
0	0	43	13
0	56	0	0
0	56	0	0
21	17	5	13
