>family_1
1447	0	0	0
0	0	1447	0
0	0	1447	0
1101	62	130	154
295	0	1152	0
238	144	1065	0
766	0	681	0
0	139	1308	0
>family_10
48	0	0	0
0	48	0	0
35	10	1	2
0	43	5	0
43	2	1	2
0	2	44	2
9	0	35	4
2	3	42	1
1	41	3	3
0	0	0	48
0	43	5	0
9	6	1	32
>family_11
21	0	0	0
0	0	21	0
0	0	21	0
0	21	0	0
6	0	0	15
0	0	21	0
0	21	0	0
0	12	9	0
0	0	21	0
21	0	0	0
>family_12
13	0	0	0
0	0	13	0
0	13	0	0
0	12	1	0
7	0	0	6
0	0	13	0
0	11	0	2
0	0	0	13
0	13	0	0
0	0	13	0
>family_13
49	0	0	0
49	0	0	0
41	0	0	8
4	40	0	5
34	0	0	15
0	49	0	0
0	33	16	0
0	0	49	0
0	49	0	0
11	18	7	13
>family_14
15	0	0	0
15	0	0	0
0	0	15	0
0	15	0	0
0	0	0	15
0	15	0	0
7	0	0	8
0	15	0	0
0	0	0	15
0	0	15	0
0	0	0	15
1	4	7	3
>family_15
16	0	0	0
0	0	16	0
0	16	0	0
0	0	16	0
0	5	11	0
0	9	7	0
0	14	2	0
16	0	0	0
0	0	0	16
0	16	0	0
>family_16
2188	0	0	0
0	0	2188	0
0	2188	0	0
417	143	154	1474
111	292	1785	0
151	1667	370	0
796	213	334	845
194	3	1987	4
471	634	654	429
509	590	589	500
513	527	631	517
>family_17
2074	0	0	0
0	0	2074	0
0	0	2074	0
0	394	1680	0
1634	176	264	0
904	0	1170	0
639	52	1383	0
253	291	1530	0
>family_18
70	124	78	50
161	0	0	161
0	0	322	0
0	0	322	0
0	322	0	0
246	0	76	0
12	0	310	0
12	310	0	0
0	4	8	310
38	70	134	80
>family_19
531	0	0	0
0	0	531	0
0	0	531	0
0	0	531	0
0	0	530	1
0	290	241	0
221	86	0	224
0	0	531	0
111	110	206	104
131	95	188	117
133	114	195	89
