>family_1
0	19	0	0
0	0	0	19
0	19	0	0
2	17	0	0
0	0	0	19
0	0	19	0
4	15	0	0
3	16	0	0
0	19	0	0
0	0	0	19
0	9	10	0
>family_10
0	13	0	0
0	0	1	12
0	0	0	13
0	1	0	12
0	0	13	0
0	0	13	0
13	0	0	0
9	0	0	4
0	0	0	13
0	0	13	0
>family_11
0	0	13	0
6	0	7	0
0	11	0	2
10	0	0	3
0	0	13	0
0	13	0	0
13	0	0	0
0	13	0	0
0	0	0	13
0	0	0	13
>family_12
0	0	0	18
18	0	0	0
0	0	10	8
0	11	0	7
0	0	0	18
0	0	18	0
18	0	0	0
0	0	18	0
0	0	0	18
0	0	18	0
>family_13
0	30	0	0
0	29	1	0
0	30	0	0
0	1	0	29
0	5	7	18
0	0	0	30
30	0	0	0
15	0	2	13
0	0	30	0
0	0	25	5
>family_14
0	15	0	0
15	0	0	0
0	0	4	11
0	15	0	0
15	0	0	0
2	0	13	0
0	15	0	0
7	8	0	0
15	0	0	0
0	15	0	0
0	15	0	0
>family_15
0	24	0	0
23	0	1	0
4	2	17	1
0	2	22	0
0	10	14	0
0	0	0	24
0	0	0	24
0	0	24	0
0	0	0	24
0	0	24	0
>family_16
20	17	43	26
18	17	56	15
52	6	24	24
19	3	84	0
102	4	0	0
106	0	0	0
0	2	100	4
0	0	106	0
0	0	0	106
4	0	0	102
4	50	4	48
>family_17
0	40	0	0
0	2	0	38
0	12	28	0
10	0	12	18
0	34	0	6
38	1	1	0
0	0	40	0
0	0	0	40
0	40	0	0
40	0	0	0
5	19	6	10
>family_18
14	1	0	0
0	0	15	0
0	15	0	0
7	8	0	0
0	15	0	0
0	0	1	14
0	0	15	0
0	0	0	15
0	15	0	0
15	0	0	0
>family_19
0	12	2	0
14	0	0	0
0	0	0	14
0	14	0	0
14	0	0	0
0	0	14	0
0	4	10	0
14	0	0	0
14	0	0	0
0	1	11	2
14	0	0	0
