>family_1
19	0	0	0
1	0	18	0
0	0	0	19
0	19	0	0
12	7	0	0
0	14	1	4
0	0	0	19
0	0	19	0
17	0	0	2
19	0	0	0
2	0	17	0
0	19	0	0
>family_10
0	21	0	0
21	0	0	0
0	21	0	0
21	0	0	0
0	0	21	0
15	0	6	0
7	0	14	0
18	0	0	3
0	0	21	0
0	0	21	0
0	21	0	0
0	0	0	21
>family_11
2160	1801	1983	2101
1860	2107	2068	2010
2108	2072	1857	2008
236	7486	203	120
8045	0	0	0
516	542	6743	244
3343	37	2379	2286
653	602	6139	651
0	6517	1117	411
696	88	65	7196
333	657	6187	868
1968	1977	1862	2238
1949	1955	2166	1975
2079	1796	2071	2099
2176	1811	1988	2070
>family_12
0	1340	0	0
1340	0	0	0
0	0	1340	0
566	0	384	390
0	0	1340	0
768	0	572	0
5	1335	0	0
1340	0	0	0
301	251	500	288
424	303	312	301
367	286	381	306
399	307	334	300
>family_13
21	0	0	0
0	21	0	0
0	8	0	13
0	21	0	0
0	0	0	21
0	4	6	11
0	0	0	21
0	21	0	0
0	0	21	0
0	0	0	21
>family_14
19	0	0	0
0	0	19	0
0	19	0	0
0	16	0	3
0	19	0	0
0	7	0	12
0	0	0	19
0	0	2	17
0	0	19	0
0	0	0	19
0	19	0	0
4	14	0	1
>family_15
45	0	0	0
0	45	0	0
0	0	0	45
45	0	0	0
45	0	0	0
45	0	0	0
26	0	0	19
33	0	0	12
9	0	0	36
45	0	0	0
0	0	45	0
>family_16
14	0	0	0
14	0	0	0
6	8	0	0
11	3	0	0
0	0	0	14
0	0	14	0
0	0	14	0
14	0	0	0
14	0	0	0
14	0	0	0
11	0	0	3
14	0	0	0
0	0	0	14
>family_17
17	0	0	0
0	0	0	17
0	17	0	0
17	0	0	0
0	0	0	17
0	5	3	9
13	0	4	0
0	0	0	17
0	17	0	0
0	0	0	17
17	0	0	0
>family_18
13	0	0	0
0	13	0	0
13	0	0	0
0	0	0	13
0	0	0	13
0	0	4	9
0	0	0	13
0	0	3	10
0	0	13	0
0	0	0	13
2	0	11	0
0	0	0	13
>family_19
12	0	0	0
12	0	0	0
0	12	0	0
12	0	0	0
5	0	0	7
0	0	12	0
0	12	0	0
12	0	0	0
0	0	12	0
12	0	0	0
0	12	0	0
